8775.1492584
8072.81244288
3254.56168347
4359.42919182
4065.83005265
39.7482477118
7417.17176692
6238.97483209
194630.062338
2911.69798635
4.10226828157
5.65634956231
3495.12151729
5.69857030251
85605.5722025
82448.1735863
53912.2424905
51184.629348
10.9908589281
30985.3662102
43697.2607343
43705.9287987
11327.7687602
3.92076335558
11825.986019
3980.55990641
12.4180272014
18172.8844939
16.6576963692
3112.09651357
9.53333786665
17228.063382
6352.79678508
2888.56801344
22308.6693188
60212.3246313
51698.69555
18.0606160688
33367.9552629
13126.089981
30855.7760129
30589.9504199
25.7667328458
52.7144433165
14807.9258725
8916.50312511
2662.34314493
21583.7620918
41957.8296298
93873.7253539
60552.4379282
39633.6552241
30429.2482313
67231.2927339
8758.07449985
15327.7273059
100.602690011
16281.2805564
17685.174501
39024.3919976
28131.500708
38.6475773426
36.0199056061
64272.5374405
52.7133731987
18317.9673466
22670.190707
17904.7767781
16372.5571716
14702.4187927
6355.54375426
4826.11120452
3554.55538831
42.3061966863
7463.89035876
48.6314346208
54.2665195409
2963.34640429
52.3352659749
56.8709760362
2631.05793556
2973.95536461
12716.9721602
5485.94916567
5158.80626277
4144.17388728
43.0110839901
7631.93658195
4048.13204332
8919.82066071
74.4671923131
10219.2216707
3450.51237765
43.3922993539
3411.76767343
4842.08423468
2600.64516481
62.2570117802
82.041945348
60.2836075575
3017.26702704
22943.7860095
7226.75459569
3735.17357047
20691.5978582
53.078248538
5080.27698373
6573.45094363
2884.66773693
111.364110883
88.3596032993
18586.0776876
32517.0818312
26827.2048886
3979.60586114
72.2232915017
63.9458756958
54.4710820251
77.181872419
94.3252645003
3094.98801317
61.0065779301
17446.2061832
17435.2219209
25386.2035684
7506.46749526
35403.3590798
22809.2592359
12002.306235
64849.8412077
111.492617988
2809.2747917
70.6051331113
73.8697336887
25633.8932844
46288.5062439
3323.59692647
74.2380816939
26338.2733762
6738.34290875
20994.155085
11207.2817606
4621.98145741
29280.7061948
61.3417651936
24119.8383692
11963.9427159
38.9871346628
30.6543683888
2874.17376412
36.5642931033
4678.13661268
61.1940785236
23652.3951291
3401.69554356
9436.67266695
51.6889501587
7707.68819398
50.4372626309
18005.3129046
63.610616088
3571.64435496
56.430429329
37947.9321369
40249.7652336
64701.239646
66.5884972425
7550.75611917
7844.35365666
79.1625618466
9181.87090711
80.2666186409
3120.26205125
119.391118208
17101.327092
14586.0797525
19494.803809
29.7444113955
9125.9671384
8693.82129702
2980.70483287
45.6289230696
12036.682776
3370.00068663
5848.72383419
7343.71453644
49.8988650396
2786.24420262
2969.8207383
3363.54716902
23789.3344975
45.660220025
8770.97757543
5824.41829787
10444.5338803
3367.94785009
32.8295459627
8106.20442162
9453.92756032
3541.95551082
2985.64273894
27097.6843474
60.8389632178
2959.22546518
4576.14096797
11240.1357654
106.789267726
17033.2093155
138.367796043
92.7685697492
70.7176409015
57.5030695523
37.9929705978
18478.3048231
44581.6960065
7538.06346214
4605.73940532
3846.45386386
54.1588029438
53898.9287684
38.1782808713
46232.7269497
39170.6014715
42046.0876002
10160.771471
3506.07556383
21479.3771836
6731.70845698
55.8871980914
48.8052809609
44779.6373748
10644.6417132
19897.1279495
40.2341802117
9343.34979938
13139.7412032
13665.8135797
5564.09819276
49.3719468965
16437.1026711
2808.64326679
18070.4876294
55343.2873576
52559.5933812
2827.48768743
55.767546872
22842.5523541
7117.57679033
59.4178005127
54.4519472652
43163.4827087
3979.07561381
55967.0968365
59752.4028083
88088.1071094
64937.3688923
57.4006075069
2723.58254831
4511.20079933
8585.7808676
6521.74584682
12654.159081
14889.1226106
11855.548227
6548.99188959
74304.3432369
2964.36380928
4262.73449211
3490.95033183
56.3138999248
3771.52703753
10950.2494185
2813.48505196
19320.3800258
40.5914010813
3204.39255183
2622.25822923
8420.85879668
81.3138245661
73.4651036053
36737.8240315
45.9934878404
7288.19673079
17572.4599264
65928.4978674
51775.5152317
78416.2831734
8452.76708205
3265.52995269
4287.36244183
3427.69251472
35.074761023
32.931398566
3861.36105393
2548.64659101
23.2579794585
25.0460322084
30.2424880336
18310.6948757
3214.74958141
16211.9380669
39.1637275718
6007.82583495
47991.0779388
7037.82677824
38.0910555371
35.869452795
8374.92260117
56.4532260957
11247.521531
6546.44768295
73.3651828471
82.4335919143
2656.38432716
4731.02809293
3590.4293799
52.393326792
39.0314406907
54.0964276492
76.2808551623
84.1175977707
95.2065055072
65.1221986371
9470.74967341
70.1039451681
7570.37939994
57.987661742
52.9810917634
4416.44821317
86.395532534
33028.460629
10156.7309
44.8958894196
50.2183135348
3509.42531535
2829.1061638
53.819890325
8061.90406554
3400.42870019
45198.5259669
57696.5010806
48.5073467183
3210.58041366
47.1767948145
4712.04970417
39.9944670054
16514.5486446
3998.10061701
5098.40453026
3379.12502636
2618.44964489
3344.99497531
13633.3396158
3.14047249144
5144.42477151
1.86438259995
6048.72779646
12195.3598873
22054.7612411
12407.1210779
12207.4917085
14732.4704395
19032.2273787
15885.4747489
5656.18983638
6150.58372363
13677.1456794
11929.2086387
0
5607.97894147
1.80113775166
9976.49723689
114405.469862
132309.170114
146090.942929
9136.87499325
5987.18628875
36481.4036767
41639.2640273
12564.2165179
10940.7882956
11001.0031707
9.4625738012
10.5016851263
5360.1899438
4454.51229557
7668.84093395
11738.2636313
3616.89403518
8504.18171876
8133.21890827
8230.44988584
9698.53737002
6996.97635717
26.4256103054
21.2227273177
18.4461840839
17.9381371441
20.7864687614
2901.76077975
7630.44613082
16877.4828286
10797.3276749
7.16736128303
12794.9260451
9106.74115331
27.7120139581
15045.9192579
30.516903551
18.2953871942
3457.63875377
15821.2920022
2655.54729988
7354.37511161
4541.24955702
44.9926359382
37.3749866668
20.6825722611
18.4450738117
20.2263410374
7399.82330689
10826.6466968
9405.52126414
3174.55329259
2637.55989168
12096.8375708
12618.1735255
97.0140361052
3247.56601913
93.7428876871
4094.13929425
93.1323939369
65.8053602268
30.3167386012
26.6158320879
6250.66741487
8355.38224237
32.9474385827
4730.37283834
22058.4205354
12595.4397212
28.9102070428
3308.32462269
2888.84681386
3455.07241
47.2728016597
40.4473543764
33.3017845283
38.3835153216
56.6900382129
7878.33417535
15537.2953572
71.3090399208
9541.05912059
2802.24616205
6155.56520383
67.6785330557
63.8360221316
51.17689317
4989.19900509
6926.43003523
33.3148553024
32.7538134147
7800.47493627
7817.37891106
7106.87424437
6279.52199807
39.020054491
5226.15515894
34.9228236416
2867.00084214
24.2713557982
25.2155592693
5796.68426736
12656.2917602
18.4463920984
3268.48703216
4399.59857698
6232.61837996
8895.3180484
6615.48314415
7980.47722786
8928.94175493
29.2053141487
41.3887253502
42.2911402042
37.6007181705
48.3217763307
23.7613565738
8637.53552419
4704.82823068
2874.46176879
38.8486020657
2603.92758047
5052.21521508
18116.1492943
58.2644970564
5174.60164974
4980.53542552
64.5827291406
3614.74968234
73.1505430297
72.681207576
7221.59142665
10330.6577439
3250.66969904
115.940076248
4221.0031431
3039.52076846
135.345497594
138.655255008
157.774832485
3190.46718941
157.172737064
10411.7687756
6614.07908426
9465.26224998
6971.87998962
22084.7950229
21105.241309
6456.66612648
12703.52561
3787.12715742
14564.3363779
3151.00924624
126.906779484
45.0517468432
7325.42328119
3470.2137123
50.9350377037
65.7572129416
2869.81205775
87.9690544981
2835.61127187
86.6239675978
83.8840429669
73.9063955036
3369.03283922
93.0213659524
11596.8624755
26.4440938036
6065.89475442
12787.2763575
20.8772563857
11842.1014519
29.3511740369
7683.11375631
41.3298191173
22700.6582297
6777.86277796
3744.40623281
47.1031033457
43.9758998041
45.5696620195
8.06874988463
27822.5643695
8893.86615317
8783.61119215
6745.51080685
29.9063838221
29.3388675935
2945.29290379
40890.91598
46.6761714926
42.3492320708
2668.95181553
2.15735546443
2941.5827497
3082.435415
3095.61243359
5.16205338086
15.1892913267
16.3710385781
11904.0828178
6806.84899588
9670.74614156
34512.930701
7.37015371672
2866.83834075
37921.4846781
9708.37267056
3086.16541111
3497.72483525
9141.08909832
12605.7858551
5806.12359993
2.20949515317
3061.27788267
2897.55641128
5775.94439576
2771.16759071
3248.31891252
16.1706918315
35.9736816036
34.5768420692
9385.31891096
3565.67093699
49.3602991007
48.8125033765
6295.05464435
47.344013833
35.4780061436
10449.4404252
5474.78039409
44.1210663014
6401.40468949
6153.48112734
2790.66289695
8039.88366261
7925.13221811
12.0467464648
3048.4580125
12.8845518058
7149.04706528
11368.7663703
8587.7763511
5724.53006807
3500.87800262
26151.0578322
0
8499.6360138
0.735070202806
15.7326702075
6644.01630137
2679.12294908
19549.0839609
19.5505558437
16400.0892887
3540.62590807
17.1450692949
12.8321931243
5481.10658475
26470.3294603
24182.9898981
13107.0713713
29.9525361663
6047.28492127
10282.2988744
7573.47691361
15.1399679382
23.3384907387
2808.28618043
10.97024595
2917.67214911
2806.03104777
4003.46472836
29619.0999808
