935.458013422
5809.80955355
5904.92184159
5753.82259129
5793.2244949
5660.93670421
5705.2517703
5652.60046317
5571.26042036
4135.36065546
4079.76892362
3687.54404067
3438.90834549
3656.51895207
3474.21332769
3878.41610031
3543.69728714
3024.39809059
2399.13739307
2139.37004888
2060.52603977
2750.41069676
2891.94382442
3112.72283199
3609.73316151
4503.04564212
5018.22191034
4612.28615401
4570.72649254
4407.32780141
4545.25269372
5064.45043048
5009.80154212
5079.19679949
5013.61894386
4591.44723816
4181.01271106
4400.83588057
4528.78123073
4600.19998138
4462.83090457
3681.1143091
3713.40077151
3275.96663308
2716.17926271
2806.87528204
3295.14970286
3537.83241019
3942.83644834
4124.87498199
5524.7153236
4809.79486748
4676.04876939
4402.48916179
4426.98927018
5300.92151326
5302.87164357
4955.50355707
5191.57720905
4798.59334184
4349.02605459
4587.61963511
4385.83334468
4641.45918659
4644.46920063
1207.64729218
1281.37985345
950.459555787
1216.1825492
1060.11253665
1311.32950835
1061.34074026
1282.08595545
1532.12131836
1257.93988104
1054.00418434
1076.59312303
1063.96557418
1183.42001566
1205.82914353
1266.09542559
1622.09684522
1116.10164173
920.766157767
842.282597792
758.586371983
980.456085483
3216.07533404
1172.10068447
1452.61363785
1565.83268052
1228.08879089
1238.90936388
1071.66056947
1114.96075762
1299.1366554
1443.97546423
1672.94585884
1548.13521789
1408.29043919
1145.20652547
1251.5287478
1169.1238022
1375.21154251
1205.3989252
1625.1402889
1233.99717815
903.739946107
816.966615335
941.433574614
878.96919879
988.106277312
1111.06832271
1345.86913166
1594.37080259
1272.18082237
1173.20347473
1303.43468599
1017.33825166
1440.86195256
1337.63305013
1710.64291767
1523.50489973
1393.03981652
1110.30500881
1289.14633531
1142.61153139
1403.99275575
1273.14660217
1410.38589835
1700.10870568
1277.94071878
1150.20062075
3417.33973814
5231.23688891
4945.41784379
4712.53483103
5479.86901203
4830.45511686
4833.57499246
4463.64272951
4406.07421895
4863.50234388
4527.50036003
5061.17586314
4904.97474958
3987.43472799
3941.41829866
3461.36541163
3243.38743639
3266.53628795
3297.23470746
3596.11204262
4175.73800159
4287.47024088
5593.10867304
5356.49567939
5015.88118464
4327.38685741
4383.89234236
5015.30293941
4995.85681401
5063.13058681
5085.22468285
4709.39359589
4192.16307252
4376.59864891
4161.2084367
4691.61320836
4674.22814907
3916.25029443
4044.34291361
3518.36399236
2230.98453802
2832.52000285
3292.11572922
3518.00899746
4141.87725712
4141.83807058
5716.03851483
5180.24874284
4957.41352622
4344.97802291
4354.15169618
5146.23789303
5200.2271767
5292.68379255
5105.88965132
5001.81377759
4245.76207306
4336.51494307
4308.51895549
4740.87648155
4830.35825806
5847.85296049
1402.19454527
1058.35586184
1150.74328597
1071.79851781
1204.82482752
1171.77544816
1337.75476574
1592.86418331
1439.66893187
1135.40766908
1040.58777501
1115.40119681
1118.26088529
1275.60909433
1252.06348983
1623.30117943
1263.44704047
990.837552676
919.502636652
814.04540171
799.88365323
811.009781638
1113.59568741
1328.82451177
1607.92711539
1264.63369489
1161.91834933
1098.16715503
1038.34953688
1407.00056448
1330.97826052
1623.08434776
1497.70497261
1451.651906
1063.99964393
1225.90060273
1269.3687132
1498.33004873
1402.61908462
1772.98475834
1737.09766114
1267.04065854
1224.00875576
942.740066725
812.540561228
1068.13888356
1042.98899647
1216.45720251
1617.71734284
1276.95332683
1149.82409932
1305.49641946
1060.65653287
1335.02384887
1301.96812133
1674.33657728
1845.70259789
1455.98821282
1372.1551498
1358.34438706
1200.53282526
1436.45757348
1481.23407296
1599.55565299
1424.1673245
1309.08644963
1086.40260737
1356.06092146
2715.30132522
1843.49500957
1011.93948637
3989.60683098
3437.04002057
4444.54711287
3833.60248248
3509.08087491
3770.81706284
3702.98535984
4107.4701346
4021.45473493
3630.51581969
2398.49392045
1634.03158769
1710.15572306
1996.50792842
1508.44095186
1705.60322324
1675.25258239
4577.45387597
3893.97185425
4122.72843492
3528.79501864
3535.56416921
3613.9145066
4218.8030812
4449.41514375
18379.0132029
4656.49619103
4504.61256023
4449.22742271
3498.77556046
4620.22962493
4715.82628772
4398.1541259
4457.85302268
4541.01250827
4098.83947994
3088.34126078
3130.52026357
3190.43114529
3407.12882193
4370.69614189
4749.58140808
4518.12721224
5283.13200838
4455.68285305
4331.76377692
4313.09522638
4590.9106832
3715.47011588
3864.3002156
4135.66831961
3939.85891231
3658.18413333
3474.30396253
3719.29339405
3808.78576915
3848.41340118
3703.71477917
3411.02655107
1144.6905895
1061.03485514
1112.00011572
1000.97786338
1072.83098452
1003.45238632
1312.4747087
1477.41895999
1154.97843752
946.239566031
1090.84981183
1041.55955796
1045.77221748
941.373144257
1168.36814851
1315.07689174
1056.31822686
981.306640151
1077.24634223
932.260984945
1029.68252216
757.996242455
1157.60059506
1474.08936145
1144.61993915
993.614558377
990.43092248
902.86555036
1185.44615157
1147.00502294
1288.80845922
1427.13276394
1367.99681751
1218.09145762
1251.03256189
970.664319891
1288.79550369
1021.88763129
1217.61806411
1655.63006069
1319.56980068
1089.60281187
1068.01243959
980.690434187
1386.19887944
1298.28588019
1475.24884273
1809.20071099
1359.14998114
1218.51686629
1451.10418828
1215.57095817
1448.83223298
1311.86636569
1436.52055855
1789.71018598
1480.71353254
1341.65099006
1317.20962682
1444.18535794
1671.805878
1314.01098704
1783.99820538
2369.0610411
2381.43355792
2120.27427125
1711.53413437
1578.30073752
1917.91839373
1805.99954081
1594.17103746
1069.38919536
2191.39256161
1499.21388343
3464.69376923
1996.66385209
2555.01765705
2672.08616242
2867.2579505
1974.07086595
1690.23868028
1797.31100954
1755.42516972
4334.82772056
1751.42836241
1964.11416176
1964.68440274
2308.38259747
4509.44055969
4886.74540476
4256.5518572
4289.15880098
4209.2274061
4485.59042243
4922.42828676
4401.42149525
5425.4481551
5059.87029402
4802.09855664
4021.04781902
4301.98322923
5447.54667405
5656.42985269
6021.13074716
5622.45070706
5899.50356979
3717.87600976
760.897102521
833.598787129
925.670502906
949.297531682
1903.04542992
1829.11779875
4482.97660579
3274.53109482
3289.66137013
3341.5844576
4551.05693613
4785.89156809
4804.31403034
5129.73193777
4686.45614289
4670.07344191
4561.31090152
4523.58894242
4574.69156923
4748.40212913
5541.83545118
2918.42241521
3076.64592375
1851.99419961
912.504819011
945.558768699
888.928272953
878.674639141
993.477644858
1464.21993844
1072.24125668
966.802569267
986.292667009
816.119731154
1112.17853234
947.705591286
1054.05405915
1517.5287865
1177.70760748
1080.84232367
1008.87510585
880.508332535
1091.62521534
882.612071516
1082.41277438
1428.60714089
1004.18447579
912.218127943
1052.7014786
1109.65032859
1288.41021726
1241.39925587
1425.03913059
1926.55715542
1461.81155868
1162.19692919
1243.93993074
1218.59515936
1159.30578129
908.396591169
1019.167856
1434.32175598
1177.34008722
1050.41317638
898.378027037
812.135294903
1037.91283803
927.578773787
1064.22016826
1329.51717123
1111.33297838
935.013886708
932.819937717
923.289667548
1098.26361102
915.525534294
1196.66665566
1223.10185591
1037.16402221
843.580053405
909.251535218
922.653457234
1001.95468573
1327.48345586
