14548.4323047
36113.7446191
11698.2857877
15234.6294867
6742.60804253
12166.0309067
8908.81804486
14480.9019759
8187.89938175
10710.8574708
3142.32322189
6373.90813962
11585.7231417
10674.5236961
9589.21939123
5894.336207
197984.2279
2708.46065301
5597.7455375
2706.0049015
3122.60875105
3186.13024494
2848.46128919
2777.02214708
6386.71107151
10122.1646145
3013.07124009
73286.8397856
89250.0368605
89254.4708823
86058.367544
60012.8580538
57148.292823
56703.5582749
54147.066585
2922.54003749
3846.92452651
3999.32278297
34285.3167027
39186.1609861
47669.0578885
58220.9811304
48217.3546972
31665.7392706
14360.6100149
3244.33865057
3006.62517449
5863.23885985
14773.6114083
7402.51785329
8471.51005151
7579.4699171
3524.72557473
21648.5092959
21121.939739
2808.85631536
2988.698343
2811.39842824
6150.62558142
2811.95180731
2725.52719687
25912.250567
20658.1609773
15347.2061809
10253.0980797
8336.0728823
6772.44994703
12398.209876
25730.4316191
41753.8303997
63682.7996486
63120.8657735
55753.9334696
29443.3264453
3414.98677616
17796.7841598
37169.7065381
12112.9723898
20822.489079
25727.0663296
34307.8501834
35288.3380678
36482.0475182
2845.33745821
3273.04882169
3545.36022281
3376.29836596
20535.6096637
18815.0088468
17320.3723864
12919.7463711
16366.9162409
6438.72901917
26525.9649512
25889.8102059
50611.4349226
45929.556599
58816.4862291
97829.3117043
3799.34845765
67738.918405
57925.4724317
43405.8498283
22329.7991431
35794.2743245
52194.6489835
71670.4309176
71673.1596559
13848.5191797
18915.2294718
19453.9585799
3498.73568861
5672.89915145
7828.04221185
20500.111242
18659.1553359
24948.218853
11303.5483406
43715.0512199
40282.7539513
32996.3131507
4786.72589105
4326.84147908
4402.94432775
4264.23180667
4077.03230675
69240.7797334
5214.07545271
4127.00426251
9576.7711617
22134.9288207
3754.92127443
26308.2046843
26174.7958265
23574.3990174
22710.2295084
21450.8275142
19720.21555
18785.657292
9384.11794961
10029.7997417
8525.95768072
8404.93907859
8662.19185705
8880.73288096
8560.76932582
5396.5062473
8049.5192423
10613.7835145
7503.96204927
3785.25759952
3309.20950913
3433.98582729
7718.44055698
7758.94757837
5178.66517651
5323.92968943
5265.19718161
5325.38496819
5605.09139016
8200.02513485
8436.38204273
7560.73843863
14698.6623349
16869.1565057
16151.8632141
12411.2298864
11314.8611129
9987.86372293
11593.2164526
9359.17689364
9725.00576443
3603.33196978
11190.8056653
12283.0891907
9235.84081133
7929.02045061
3668.3185444
12223.9032905
7862.62916011
4604.16981464
3981.31397812
14182.6518184
18242.2557632
6766.73218892
3417.6558555
3422.64722008
30985.0384097
6755.35461365
11196.4433681
8882.64919545
7029.97595246
6400.2332765
9713.11319047
3182.58708999
9383.37125384
3286.23270478
3243.10621394
4303.45433188
7242.69949973
7164.91688089
15882.4405936
26827.1124628
34961.4784955
11128.9411994
7565.31077606
7606.76904714
6656.12437967
24608.7616578
3221.74675723
3612.22021398
3315.96807128
9612.7660933
3410.9900144
10394.3378643
11702.8043323
7958.11957524
3880.59877464
3162.21041965
15331.2399704
3474.82522586
3077.94241688
22245.2287089
32102.5104708
37068.1165097
28590.1896775
30616.525737
9965.1411746
7709.0985743
7086.34745363
4533.53958016
4520.37242506
2973.23256392
118411.297937
2937.47982606
3046.46804541
3178.27416255
3424.73354357
3292.3725473
7102.78150803
8039.36039519
7401.69123113
3402.78469872
36063.9455631
21610.0210857
3126.48327982
20754.0120605
3067.16509949
29544.5004623
11511.7755818
11991.3893102
68134.1605714
40282.8748562
35526.7507781
26131.8855133
6097.71112184
15376.9632377
42099.9109089
68004.3939065
60317.5806616
3668.38386175
34172.7719347
7163.23102171
19296.9780825
3124.13216661
6237.17316279
3043.31101111
36813.722859
30538.6188555
37350.4622423
50576.4437904
55903.4872224
7481.27538742
10558.5652606
3324.53403762
36325.648201
29972.4666931
3184.88950942
10857.5994584
21799.3373153
24252.5775268
17476.6071909
14961.5113034
13227.6590504
8967.26870942
3863.8781067
35733.0434751
25845.4466115
3304.27331882
33368.7664009
27409.6426589
22893.1984765
15117.8817491
3126.02504028
3119.87959065
3222.17310569
3250.61093739
2979.98876854
6080.9416357
30145.3390884
3408.34513724
6209.50982162
7764.19859109
7157.13072875
3028.91602691
13322.1867496
27549.6661168
23549.8857494
6571.78907258
29130.8841564
12699.3587011
16267.7432163
3353.76304988
6021.45445523
10959.50019
9871.30924968
3240.99743771
75504.8001705
21417.0378445
2991.29705757
3231.57495197
6497.46767487
6419.50175497
3604.83687222
3433.58806531
3171.37966508
41925.0164129
40282.7472069
43812.7842028
55945.7419683
68035.3270947
6229.20956493
3922.00215475
11016.8122446
10890.2537328
10281.4330039
11913.8378322
10942.7736962
3693.48787506
19718.3090708
13176.3070696
3420.71434282
3438.0215901
6661.18343849
6389.8738232
6170.55588102
3696.5170115
3479.21500825
20484.6519472
9896.40206978
18222.6977843
22024.5965412
22696.1023637
31299.0497463
3372.56348408
3607.90320384
12448.7251795
5686.83500173
12377.101723
6398.2346632
5826.38032895
12956.6286068
2996.0380844
15964.1141572
15986.6822099
3485.13615365
7214.64640299
11531.9541946
10577.8370608
10505.7062206
11089.4281268
9634.28441515
2922.44767604
32712.4494359
6232.2521152
5596.44763673
7146.17974504
7241.93225626
6683.19009367
3082.55144566
26950.1428585
3442.05662546
4254.81623958
8741.77035325
11898.5180514
8930.89923247
9244.79677448
14272.9718151
14845.5917682
11957.6177477
7155.10928661
3882.76713531
3800.98359106
3941.06559996
11388.0060371
14304.7135288
14642.2029344
14892.3355328
7414.24013914
3177.32836394
6601.66918143
35633.6389993
30277.1976479
11056.973886
3791.11922455
14939.6994896
6328.56592751
44475.0943899
11718.451704
8869.19883796
16198.1456892
11735.7184986
4113.17925382
21728.1676716
21253.5518327
3928.1326405
3791.91717224
3712.73346086
3827.85520675
4355.99033811
4650.85112198
4774.42998621
4551.08878154
4438.34916961
3931.20424447
2999.29931828
21493.265415
42474.0485144
49612.7190023
6895.78255678
10915.030101
8453.96728421
10517.5273464
13052.5588767
8738.91540476
3665.87143259
3498.03693605
64439.9879523
57534.609265
39474.083378
3532.31627296
6885.06057247
51997.3490482
52478.6095845
43947.5851345
57504.9392334
47462.6666733
6314.83638774
15223.0860729
28247.8446748
6528.94018563
3990.28149981
26017.2406631
10193.7832942
11945.6126724
4950.91035441
4563.89073903
7618.43024318
4882.51940841
41562.6873858
52548.1880193
4297.0647846
14976.3463508
20142.535378
25432.1204411
21750.3049916
4411.86698496
8729.88399495
13338.3667101
15365.190735
19586.3880578
18982.6250416
16925.2670609
12969.2769121
11471.7190334
10254.8939374
3185.20786309
8515.21874501
19356.0868549
38798.0274406
6160.2079397
3095.48265965
21050.615941
53343.9440728
59031.2739954
45247.4493322
55764.6649742
24797.1076642
6156.21479733
7147.76545186
3085.56431826
16767.1051016
27918.3894191
7507.69194022
10350.8954142
19942.6563047
3974.6003904
3794.72877351
3542.25479166
34749.2116737
46743.7779722
11489.7561236
8146.01206892
53333.9924106
63777.0803521
71682.4888648
64894.6553304
86774.7629604
91741.6298406
85035.8157926
69357.7186284
3541.75323399
3187.21576367
3779.6135497
6608.0518058
7981.01042541
8533.6692304
8691.65508008
12014.9119631
15871.3796449
9524.15560561
10145.5613531
16906.9858723
6907.30451144
19446.6919252
26263.0187795
16115.0089312
9799.35240327
10684.188339
78248.5868254
78510.0694715
4257.97159766
6563.63812776
3072.32404505
8202.93656731
6358.43916012
6985.12873869
4091.85913772
3676.50229206
9189.69393144
9038.86693299
4332.89751423
16717.3667378
15074.4189898
6958.6658
3717.1696489
22883.2579231
12534.1930531
3546.44979045
6509.7039407
6746.18329472
4265.98895784
5928.7861877
6696.38323955
12581.9010472
8763.54992462
3976.41980321
3983.24355539
3862.28760357
33175.8453506
40776.6648899
31589.7095997
3452.25455499
3712.59983
11478.3667756
13176.8479684
21331.3857182
5598.25444013
69604.9295328
82421.4077759
56367.1644453
72134.5521064
81827.1177483
74675.9803252
11780.8091378
52532.5157445
6672.7093615
7956.25176623
8277.3493132
14562.1756172
9017.34055878
4480.00594813
3967.21540282
3852.68510525
3672.7121202
9316.33777907
6871.80801562
6115.434646
5954.70223675
4246.78300452
4275.86843922
4396.85871405
4557.14481794
4775.60956875
2973.69915704
8518.4576549
21532.6809675
19437.4705668
7671.17488171
10578.6956585
19953.6493839
13015.6970562
3044.74705608
3056.58436459
9182.54357752
44380.4356691
52375.7346874
5756.19321807
10497.4426186
11495.6412698
3418.70978332
3829.80971201
3529.23742561
11859.208153
11677.9241147
3099.57209389
3370.92413962
3653.82601022
16921.7210905
13570.8529854
11992.6254082
8605.34854724
3482.06447003
7624.4361545
3369.11588465
3491.45355799
6738.83302572
15773.5167746
10271.9310822
8595.12304176
7554.83452321
9901.00588353
3431.15197233
3366.34259441
3681.69784631
4270.20146824
4492.27445501
4278.25074657
4083.65365712
3793.84228254
4095.29149171
3273.16012588
3197.62288997
3546.3827788
3366.8243664
2967.09747078
14790.0099692
4507.11545337
3860.12605475
12365.137852
11468.5921941
4547.09336621
4268.4605088
3254.00177758
3595.75065811
4376.63841464
7390.86017234
3921.41582455
3351.12865387
14372.924597
36992.8754287
14099.3743983
14710.8092337
13691.4262945
3937.7352482
3354.85535762
4250.25025597
5093.78986533
9227.95772281
10867.7642776
7537.96213011
8524.55594626
4815.1532227
7914.93110646
11291.4093245
9061.0723888
7836.07771538
3362.52933104
51727.9870397
66635.5751447
62090.4334689
3080.63054341
3074.13500619
3480.01519593
6814.49568904
3131.1284062
3099.49489609
3483.34301757
8546.21579578
6055.26434213
4993.88579221
8594.90689846
19216.8393196
6912.37887701
7687.32720541
7896.89761462
8548.44850368
9435.80994361
6834.80214281
5340.1958643
8199.66036506
6020.08601196
6676.86304613
20501.7808161
18154.6045367
13450.1221288
6008.93609673
3138.88341839
11709.864955
10770.1780106
5576.15573221
15338.0344733
14743.1844495
4553.68319118
16541.5794128
12828.6292463
24674.1466716
16025.4514581
18710.9809125
18766.6799906
18188.9753513
17255.905458
18417.290118
20596.4260599
23297.8832555
21269.0475826
18840.1282995
16490.7484252
12959.8890941
12150.340441
11412.2087879
10029.1534934
16371.853207
18979.7927881
18156.4193386
21573.5447913
2685.60923438
2937.23773253
8907.79714799
13557.7422169
2813.60241621
14691.0203136
12876.9866373
5286.37393333
117567.207594
125669.593411
136084.279911
143522.521013
150469.961818
159547.874208
12039.2028494
14547.1578656
8711.27301823
29510.9844631
40045.9673794
47560.6379721
45127.8652336
36933.3916941
17661.0008942
9478.38303849
13646.0742729
10971.6935948
14387.7983059
11401.6829336
3208.31695937
2834.62915678
2917.57529433
9557.43743707
8887.55675758
9004.48514531
9076.62412101
8385.34432505
10658.2583654
3025.89424345
14796.6666166
6060.70788373
8365.18985028
7205.16571279
11828.5496399
12390.2567477
10855.4836541
6974.52367155
11820.469224
12492.6565517
12527.8744981
15106.4746428
11742.6693292
10266.6230247
3192.81495485
13068.6716139
2843.83758386
2677.15900326
2759.39104785
3013.50326563
3265.34661031
3465.59912321
3613.0565469
3712.21401644
5677.44996814
10242.4680303
11719.3494088
18807.0968087
20865.1663843
16962.5183878
17167.7637077
15830.2371731
2895.08216245
11130.951712
16465.9399909
16858.8728829
12518.2827514
9430.34209377
2796.29874579
21073.9403833
17984.2805422
11671.3422003
2961.57240868
3256.60224143
3405.74825435
5357.91185119
6518.83763361
15488.9757155
18907.1280181
2865.08997432
5828.1803451
3107.58290283
10243.1489717
7454.96379237
7596.43069697
7459.2554285
3530.15663545
3733.30302752
3908.76612262
3763.77184463
3877.25991242
3765.92399936
3609.2566723
3462.56445035
3335.66428742
3192.22392632
12092.141887
17096.7859091
15527.1724722
15042.4580212
13663.8809216
22493.628579
6718.421805
6915.34919935
6436.21275257
6962.06804063
17295.6010212
17468.5056668
16694.4189947
14542.8026036
4087.20711245
21732.2974748
7094.06732175
7136.14540053
3039.61516347
7469.36850146
9183.15325883
5710.58497778
3011.62008264
6505.58843436
3505.10179341
3473.20967282
3240.89122387
3990.78791123
3820.53921747
18669.9595616
9752.97780077
16583.3911244
11658.1001824
3369.59065861
3837.87427309
16931.0556318
9246.78128867
9570.74387314
25881.0390458
23661.5882677
15689.6008477
3370.33587502
4293.09399062
8709.9586705
6904.13224017
6733.1540499
6902.95016675
17824.9847384
6648.82859573
6620.22198877
3567.82356095
3360.16768433
3274.51262826
3438.15663812
3281.3499547
3738.81765659
4091.05409194
7100.7609504
3728.10384252
10764.835988
11607.7984255
13643.8926927
18764.4385516
2985.47079575
2924.38087973
13998.7281816
15639.714844
11558.7058836
5724.76685324
13415.8174083
11268.6951006
3224.41888994
2934.99863731
14812.0275799
2898.79631401
3009.96790848
3126.37067699
2981.86922441
10923.7457992
6907.71525183
9907.7030852
4596.65993372
4500.77186128
4657.47324083
5356.45003848
2979.050782
10871.4147928
12705.0730768
12976.3310175
3114.85078532
10996.4782131
13990.3250451
12278.4523678
16013.7011344
2901.0020901
8448.41355185
9234.10907686
2953.80420971
2878.87950414
2766.10953096
5561.4741616
7948.67510395
3395.91796493
2923.84236238
3299.52471562
9414.73586721
8565.86404892
16094.558383
15744.3373059
3089.18499276
3483.40059068
3115.28625292
5924.76129156
8490.53871314
7527.55707521
3150.46273873
9555.34092212
12052.2987243
12216.0260295
3800.28142269
10487.9386367
13355.4113513
11384.5163955
3165.5098856
14397.4048765
2860.15447171
2914.84706749
2904.97515135
3290.84955984
30519.8807131
3502.33397385
6870.17636014
3123.99169324
3037.65735616
3190.20213907
3052.12069462
2773.40752162
2872.19461723
11847.1248014
3599.77901509
8444.55707247
3344.62189845
7389.59156037
3928.57902105
3272.8995526
7633.66601056
5913.94677213
6326.13066345
10073.8287827
23175.9525267
23377.3525939
9699.9260507
3673.50269983
2856.44618103
8831.36539186
9135.97595517
8967.21220966
12728.7120049
3621.33422102
8949.06027756
8396.10436503
6965.64273413
4043.37628735
4183.83542275
4533.27515443
4694.67902987
11960.8710075
4542.86559661
14945.8569228
4725.65427764
7736.56098148
9524.96830976
5087.61153183
4700.74496198
9458.52955466
4821.72499728
8358.98693545
8285.03141782
4734.56499387
4017.91807215
4892.58407139
14413.2089542
4156.33105399
7632.57249567
7477.47966127
6418.42243461
3809.31770712
3299.86782887
15500.4829828
14523.7741815
10219.7287895
14089.9993391
13967.0662777
15762.8160105
11124.7360271
32587.8750323
27422.6444449
4527.77246813
26288.7908984
29374.2151517
12054.9795407
16484.3229368
17609.1395956
15060.4397627
9533.85964066
20018.2517812
21718.8028869
29170.61046
8614.74366279
4553.59799886
5477.11110703
5238.2665238
4779.72812122
12343.9073587
11251.1291836
4728.68110004
7219.70336383
4070.51562536
3091.56245405
3386.98152194
3960.09011598
8727.61032007
6456.52228628
3184.14391646
4009.41021334
7253.03564395
6942.81975699
3675.84043803
3414.50603104
3655.85276544
3473.82642361
3490.79918169
3344.12536936
3429.68473946
7612.79680818
11181.662663
3098.59009202
16834.4613376
15035.1732333
5018.23430239
4246.92458965
15633.0272843
9346.03895935
3120.47967673
15910.6389306
17097.0037424
3021.35093839
3024.28674089
16230.9817078
3570.09129727
3292.686558
3037.14901888
11178.3873057
5602.8215726
3017.49354527
29712.8469586
29163.717646
24826.3773937
11496.6650093
9106.68686375
8424.47677293
6787.02686266
2884.59469149
26101.1303394
3890.81371639
3259.9373601
2911.49382665
24555.5051051
2732.57743863
13614.9572228
31058.8032392
16809.9704131
12243.7881281
3350.81435901
12238.8922753
2706.56551744
9614.25528803
10817.5088406
2785.85885267
3627.25099462
3664.82330736
6433.64957366
5949.49022667
72982.5821977
44872.4537241
7878.51147375
4006.01216236
3039.14026103
3177.27815005
27032.5309953
5657.63957045
2750.38658073
4380.40834112
4154.81172661
5751.6406026
24112.8830905
5790.49438412
6188.14893031
7152.24393681
9395.23484834
3369.44587723
2950.81540186
2821.21398148
8321.71624319
3224.68517682
2828.17083265
15641.8853829
48163.65813
10327.7269134
26191.8455245
12648.5637114
5632.80750225
37250.8169147
17808.9409763
2736.40947454
2877.72381154
5573.44707018
15434.2386833
41363.8228269
15540.2641402
13347.2009062
5799.92346396
7777.84238682
10826.1298546
8621.42916415
8936.08642048
11761.3476165
11907.3461949
16202.601656
23088.2968726
8834.61851487
5735.3912376
2716.58086961
2665.20980322
5666.19924914
5619.16817665
6022.8087201
2920.99617677
8879.52339736
3282.68630393
5803.85038609
3133.29495222
6010.30399956
3219.84101718
2777.6573361
2881.85745706
3200.369247
6286.15341218
2900.93049971
40755.5849872
12307.3673963
3610.64522854
7536.18560871
3912.75370108
3502.78341814
3273.78674923
3067.45267505
6261.22091907
10063.7581334
3090.79973344
3299.14210197
2862.34873636
2837.96062615
11743.8593951
13909.1999277
12783.7278277
8871.41380996
8424.8249654
3858.58903103
3658.45132256
9953.15944924
16441.7994049
9744.73409061
5920.70142938
5933.97458074
11179.4660718
12959.2884574
13762.7709157
12405.2348322
4947.31069921
5118.6899639
3958.80333196
6153.55200571
14113.1623156
3389.97922169
18549.7254444
10388.9822703
6399.84486011
14060.1490829
8482.12119472
11473.8151057
58489.7827071
8686.77854121
8469.81911859
6615.61348017
2655.98810712
28999.7390363
0
0
2922.09687299
11542.6950615
14638.3069536
2734.64574595
2738.22856913
2932.51404802
10580.8041092
11119.1563403
13174.398914
5818.66749207
41370.6204552
22784.9339849
3315.41358586
2943.14460894
17087.3445745
19732.321225
14797.9516202
7693.98926238
3154.40508087
3957.17064372
3289.25554113
3278.93079876
5915.34108268
8430.35474465
18564.128332
30288.4753752
35805.4885401
30186.2612057
27684.1342107
18120.9651384
12538.6494989
3621.77325996
22449.6305474
11913.3497409
7467.97425828
15940.4780705
13779.6031949
10984.0586061
2720.59564294
2735.15867314
2966.30614887
3262.67131757
2993.43318228
5837.21150175
6376.63478527
2980.20131264
5752.87202297
6562.58521423
12669.940012
6801.12958906
19989.1580661
7466.87132068
7466.18365705
36618.2140328
