0
0
0
0
0
0
0
0
0
0
0
0
0
0
0
0
0
0
0
0
0
0
0
0
1428.56881258
2612.05276934
387.476141297
3052.29510664
4594.07579223
5313.09343323
4087.53571971
2114.84049227
429.100328823
7401.57308502
12602.2766664
10541.0656125
1739.9681777
4985.74199428
4575.49275038
4256.02514202
3762.22635466
3019.57502694
2419.41444728
1614.40730509
1329.01883042
1150.64446535
1066.27516313
473.538459495
548.647865882
598.73440434
1037.21812536
1163.60938453
1375.43646757
1802.64730025
496.428778551
6248.58071876
4842.54289287
3237.07696112
2093.222496
2390.04914807
3633.21084166
4856.52314949
5581.78195112
5677.36506515
5111.66845504
4018.18243772
2732.46761751
1487.03727188
2085.95746994
3254.73291121
4286.44878966
456.948501429
468.57256832
471.831494273
887.722711821
3312.65406085
14182.9923646
24255.1696572
27693.87702
13338.8520808
15775.522552
8066.04727072
3416.94759672
8379.91559976
14657.9693042
6511.0955177
1034.8511031
1554.22017112
1038.06176083
1292.05983872
606.879835183
690.531765386
718.474489432
450.581286934
1085.83128911
631.444892728
1043.83152956
1301.98055599
1544.50843837
2069.58625905
1987.61127391
1321.2037028
1085.04636433
571.725334756
511.537535038
1096.92256852
1384.37121818
2053.84338896
2199.8151645
2016.15379628
1280.34176288
553.245755418
408.415164252
429.223172612
493.397649882
512.782183306
4470.82433918
15502.5140688
1222.66236455
14014.3775789
23333.3578869
24407.2350694
14526.0430768
18719.7903883
13480.2250195
15074.9473501
14075.0261983
14442.6677258
10948.500677
8761.93188075
2779.11105816
3177.10480787
2732.08614715
2835.07220719
3273.04061028
3690.85378788
3571.6657694
3474.96208994
2869.43139196
2691.34367235
2849.38008619
2731.80310014
2364.18451778
1678.80684439
1477.44428979
1336.26832042
1231.62825968
987.669670877
485.632112915
2618.96567692
441.300916706
452.670197232
1220.57342792
1207.98702988
1311.14360011
482.080932267
5048.59462945
486.679558774
1481.01779102
16103.9797613
11724.6815073
4842.6561324
4130.73009775
3658.48662579
3117.90288074
2656.13725399
2211.61831403
1419.33193069
1242.37456908
1031.74506824
482.402139757
479.757339491
490.447080607
511.496592604
499.580587136
513.368026419
515.614717012
681.028137115
7229.02508389
9657.32517742
5919.27728594
4401.67332787
12395.3098698
7129.51026789
5436.11687632
3262.63042459
6304.63947212
5159.73390962
2322.04421489
837.939869295
774.080531888
449.836905096
554.211615699
618.551926848
465.950946652
693.090269038
1141.19258071
565.978986055
609.750351447
1875.5922738
5267.07290711
2565.20228234
6815.27190734
15952.1616692
16352.8193041
5627.79654081
440.551013418
550.279010784
480.07949582
3590.10020354
3194.1450768
2855.08370748
1602.57189285
506.126238705
588.530504054
556.104171061
595.970179603
580.344461268
492.466771032
2029.20846399
447.762391815
493.257075225
421.94109176
4216.53680081
5263.42397745
5816.93581973
5746.55137268
5059.95788118
3920.56688908
2691.77932173
1627.97129105
2547.75938616
3532.64700995
1091.98570981
1319.63482763
1322.05258821
1320.75977838
1328.22509887
1321.86907294
1319.63684044
4434.8860901
8382.60426327
11918.4038341
18841.3581288
30986.1041218
16897.5114113
9570.06194074
29643.6455061
36216.1358368
31118.2810716
25251.878755
25830.1387608
14675.4083838
3537.87904883
2192.31692558
557.614013051
1088.08837159
1907.19491859
1266.33586267
1600.62750823
2598.05804009
2937.98380883
2121.95660836
1820.88656482
1533.28933263
1378.29115202
1386.87041237
1541.96873895
1392.55875569
1174.92410211
916.704021111
3293.29480673
3025.71936941
2714.80655293
900.756626881
485.686813343
429.741394854
464.611605844
478.200977814
481.006842362
3584.31277839
3304.34042702
5722.69294736
13610.5358724
19716.5945238
463.121210547
15759.2372384
20758.2544009
22811.2249549
21409.7662947
19404.5350668
18345.419813
14437.9319055
7458.14517706
2194.86737045
647.241814131
1190.6070137
1316.54144192
1629.85880184
1595.62607636
1332.22591498
800.843664138
715.171421066
538.499345248
640.635324533
600.603218742
674.890786747
1085.72144744
633.258341936
518.826879587
1576.55277208
746.097528086
730.303913561
765.631379432
493.215102119
565.29778404
564.96359162
534.452619522
494.448398424
432.180646867
629.375947105
578.152537044
541.87310873
10739.0826026
23783.7097887
12306.1479309
526.137890142
3286.56673407
3342.17052043
3272.71338891
3221.38259726
3197.36288202
3117.75787576
3013.12047221
489.644435684
528.274020456
548.777362809
531.60896854
547.384234163
530.995219978
517.236763704
561.183754701
588.825723086
578.403493389
1652.39518382
573.650548808
500.979210781
470.948519054
507.506983844
4668.32481649
2025.20614626
461.801433473
442.511892278
3002.15696293
7325.42586054
723.049055857
2008.91317346
1363.04511382
4494.34789059
10957.6507514
9624.51111651
7608.11089796
10048.8033457
8329.35699485
4239.43838059
9293.27519628
10421.1987801
6526.5465209
742.672309109
4849.33700838
711.038502427
759.902445145
842.820593608
502.745957396
734.599665799
618.497289273
1245.12666126
2072.48683551
2295.52618355
2463.22671843
2357.43011023
2158.70878013
1320.10362272
708.706018222
647.801908971
1267.83263089
2060.0207485
2375.86833043
2394.30661958
2213.04914967
1852.05889197
615.004108935
2482.3459373
2203.10074015
500.564674595
641.787454239
1267.82553041
1824.29160934
1851.57512193
1867.303182
855.951091794
618.483464632
3307.32041253
3346.62939714
683.244362828
1207.80892164
1179.11819522
723.295675001
597.524899734
1728.51919248
1426.20559872
1309.80420106
1870.82459645
2253.31061317
514.971263146
581.42094022
582.284196042
537.774540783
1994.40939013
1105.82457709
490.696157601
603.891596434
1156.36455021
501.946110353
570.173244526
592.390149535
643.585636803
2069.87216498
675.516547472
546.945773621
621.84812162
1794.69891291
434.853936984
513.576107252
496.132402618
423.13310591
1752.93373881
1342.14207168
549.305054854
467.084612904
707.328548079
1399.80854672
1190.76985618
1669.62347232
1296.79263785
1362.64170009
1403.90860815
1297.96212585
1164.1608743
504.431104045
7235.90136771
6824.5443631
6340.22654889
6016.54747753
6198.0781897
7828.38047925
5685.58622472
1738.41750594
501.055006658
3997.43926206
437.876792349
444.334577786
651.268714141
1157.28086256
1320.48550492
1398.82928381
1746.9596094
3144.70904519
5411.00370968
5603.14756288
5465.84496913
5101.00815145
4843.49997852
4684.37036045
4549.55728214
4285.05865591
4097.43264613
3914.82671697
3860.46371301
3889.18568721
3443.21096613
596.266260819
1148.74285748
1323.01087003
1422.01009659
1439.77667363
1383.80151325
1282.77765664
1969.90012702
6307.91736111
7389.50608256
1534.17185666
1364.38973545
1371.11311708
1300.49206028
1223.11390938
1181.96697898
752.92516296
740.728228221
788.090151643
1803.27927158
534.329086877
1337.449772
1556.78254459
1421.82622696
1340.17741017
1323.78113132
1289.73745258
645.815178466
464.118074277
1052.84639837
1125.99875722
462.421176397
440.598204541
1674.14607506
482.545883735
418.869082204
892.812610305
2047.03882876
4155.10599339
920.737474566
763.353393236
1092.05188177
1961.18747648
2768.48722654
1951.62034908
2438.74282017
4715.98727819
11170.8154338
5898.957982
4215.20474507
8003.77836998
9920.70413981
533.68937077
872.863345659
641.424524701
618.110130691
453.26044805
486.775669802
776.853159127
508.204561872
2662.78001786
2669.43560092
2297.33544449
538.669116135
606.577720886
570.547436988
545.309205189
463.1829472
669.461326474
1725.11871935
1794.41906436
1925.94342693
1175.22450182
469.15215986
793.265363276
757.905549785
399.959283991
619.106944058
1647.08054897
1774.15467636
1676.16689148
683.264208549
535.802336522
1277.18824002
1369.2561745
1394.03419151
533.070997549
544.482684876
587.542205846
580.022415744
511.501275574
1493.09055224
1498.15625267
1508.01405206
1518.9633176
459.942314596
527.54293834
531.648316686
479.992011126
1572.22107785
1586.05212284
1597.99202922
1667.0216392
433.436380157
1082.76692905
1072.8053466
562.522900879
497.108518112
449.602648452
435.691517772
1579.90887857
1601.10106163
899.173601944
562.804969197
975.209067519
955.733580126
554.140188089
457.459307868
611.999206702
467.459020941
468.635705698
513.922653252
1325.01544977
3204.05606209
467.412149536
476.590933647
1335.6409081
1400.43913911
1416.11757636
1386.32918267
1364.42347217
1382.83885563
1166.35200288
540.639812712
584.035535097
524.102893109
505.646113685
481.293842867
486.757234108
510.947073069
555.901152895
545.908356437
559.551846933
560.359953586
5549.77625818
394.803154262
480.55374711
513.599007508
453.391678544
534.52516273
614.834259993
672.513331066
1075.24109073
546.946638457
429.109110505
1243.04573612
1243.68923976
1294.28801182
1356.54389124
416.621133406
425.839852573
414.560881495
3264.96309926
3010.11600168
2866.44504853
1433.83929976
2194.26106649
1854.58378063
2322.80068786
2450.3789702
2490.56435841
2521.27159814
2837.77159598
5736.39772838
6261.02084025
6351.08511943
6088.15454891
5737.11453411
5572.04104388
5259.15795348
5025.29809362
4889.39489136
4795.27198205
4730.68773263
4385.32271001
1999.35672589
4284.50465492
512.865714538
3327.05377758
4933.9312291
4938.33613302
3186.88224838
1479.21917768
1384.47507994
415.311358154
2938.6510113
7531.50494356
9071.91516691
11346.5418808
8918.64166864
7166.846527
5629.66931132
4891.94387744
4106.34714586
3042.97132741
2202.68566893
2291.9990504
6249.35603628
7440.78910621
6683.12296469
4827.24261667
524.05761242
6092.56511688
6989.4208686
7148.22278462
4525.0201162
8826.42170496
8970.23599636
10814.8319957
10952.0938173
11040.5646919
8631.66794274
7285.74735708
6005.50877278
3897.65404761
1738.75656471
700.194716297
743.05535876
2731.95831916
5354.11139498
6635.67033793
6245.05332094
3178.27069568
1352.41386402
1299.98606243
3192.65019433
2204.77632622
2160.09167533
4043.79934928
3865.33102713
532.623265115
4529.85742565
5553.08351037
5162.12056988
3676.14732148
4182.64248824
3283.2710965
1336.47391167
1195.09317936
1093.94950431
1337.86646626
1313.71331653
671.602880307
581.393527048
592.203004037
577.972753069
566.274646848
1791.41926069
7248.87700982
13510.6571445
15582.5249129
19801.9845953
17210.5553417
17724.7510469
23515.3505819
16125.2045983
11290.4180668
12730.3668734
9842.2946326
7927.54044573
6773.93753648
3307.2920247
3085.49249334
2631.29552975
1383.42385318
1194.28552799
551.299303427
11854.9455203
8424.48195587
19372.8099513
21093.4532853
23995.8376697
25350.4629429
24202.2556209
25692.0773802
49191.1601746
42296.0180206
1630.91625507
1659.49317635
1691.8332885
533.981548132
1296.86823479
2410.46809813
536.276203623
1015.25400272
900.284465024
622.619667306
2785.13887402
1621.64882741
2315.71775825
2283.57695643
2384.48285105
2413.43302686
1866.19183535
2104.00535515
2784.35483064
3293.23335341
1085.14753905
516.908570888
482.739744641
4701.11642403
8331.25670174
10128.7538422
10387.9134172
516.026926103
7017.75774691
7296.76012314
5918.39456987
5706.8873941
699.970914112
9074.06550845
8656.17666841
422.830905282
10544.7096276
13990.2540248
16884.6097424
14196.6690041
8893.4349768
4834.39276036
1153.29222333
1599.45516331
6795.65059818
1024.1996834
1445.07145949
2148.85167996
1270.06254374
7148.15071191
457.490486477
443.611209155
6392.7308537
15122.8935237
23793.6834638
24048.1870619
35418.8965813
38445.3524345
32730.6886164
28209.4824692
18710.8324112
14136.268035
8624.82650895
3870.8651436
3911.57650594
3592.36124575
2014.86778912
1323.45999353
1098.8080404
700.058930184
1943.90852183
1528.15517951
3000.88874276
3180.1068769
6335.83386938
6793.07366482
6031.46481442
6756.26900131
6658.16885085
8965.05389913
9641.31614156
9331.97111735
7550.7942111
5296.06558245
562.360702452
3708.49772662
8585.83634338
9157.06570459
3839.65505862
3749.75603026
1760.74308347
1309.30565651
1313.43420381
1183.26042536
3481.45208855
5605.75577784
8389.40278866
10467.571274
11026.8352076
9457.55794494
6391.53881134
4387.4850607
634.945327372
1193.79789493
12841.268347
1479.82767404
3000.91547987
4581.85559394
3913.15116832
3292.30531603
3614.50136151
3764.24174251
3981.61633231
4108.49171893
3606.36220758
10109.1121985
14447.9870852
16224.5854491
14858.4122002
12863.1905946
8406.74271595
1538.38801666
1591.5001814
1501.97915397
608.453883612
1015.05039826
581.866540162
1131.54072946
22101.5599172
5094.66523155
6759.18034758
6852.24909721
8651.6339733
9652.76948562
11198.4819779
16565.4641227
25321.3593936
28476.9679326
23262.8622809
17763.3606197
17296.2711675
18234.4218232
18416.3751284
14552.1892133
19195.3439131
17592.2795704
6658.57964105
1136.47370903
2430.75890411
2846.65476155
480.201901397
491.418935556
509.038654291
538.684364873
527.484984698
531.781186862
2237.30944087
5015.56890016
4496.52133805
473.652253761
5259.69594985
590.655768444
675.12714894
1220.73892076
1364.652086
1108.46204223
3655.8351073
1822.33826465
4398.34413056
5310.60215177
4794.97818954
4038.98379229
3596.59853218
3642.39009941
4135.12708698
2268.26889181
4496.23956862
4938.26700415
4282.38921667
3440.69681526
3453.65670269
2497.21012714
1667.62626975
2070.27742234
2288.96972496
2849.12251675
3258.33752771
2970.18873398
1817.04733721
708.054126269
613.182412998
2160.45940111
1986.06550372
563.684946462
513.586105354
2889.39958423
463.604446797
3186.37236749
11386.7566144
5063.6867348
897.458710042
1139.42533458
1377.56816898
694.92190043
6447.31324334
15192.4375296
558.946805465
1357.631713
1177.08977466
576.848526297
83958.9647236
29588.8206614
26157.4302566
25748.914408
28080.434009
27374.4659248
7960.1255617
6251.9079838
10863.6909372
4591.86214605
3445.51799278
2592.6145033
1259.21071437
1291.80325093
705.41134829
3847.64920054
1737.98913126
553.659004584
1113.06877927
1810.45049465
1049.35375593
1697.91248727
2193.63766262
2020.42781474
12030.0676089
16736.5691201
14438.4379776
11089.3770238
11325.8643099
12938.6965085
13758.4283432
14380.3781627
15223.7825297
16498.0421126
16621.8169661
14096.3530551
8170.55197679
615.547179543
6006.73495898
6869.7493259
7642.38941204
1094.54547313
4580.33653769
7765.79514055
6618.13140602
788.683497602
4595.63315908
4222.01685948
3457.01124541
3926.17678236
3013.80111808
866.437623685
880.237538361
35304.4200513
19940.0645206
2323.74724934
1867.89962854
785.847994587
794.898693996
15530.1253144
866.075976327
970.03332917
1474.1609959
3859.34107728
2030.97866697
4071.08252453
3786.87200434
1951.65316666
854.739901298
2912.08188385
3556.68342593
2600.63353439
1091.30217786
9996.43205196
7902.58445633
7658.01418931
7316.84243196
6903.9461056
7012.55987105
7626.93689162
13761.8223474
978.466694073
2130.78185486
2590.62708989
2177.7415135
2971.46232509
3210.13608478
2808.12724204
3477.00111828
3928.97679602
597.911748269
3024.80739503
5448.25245595
6028.54375633
5407.67560488
3748.06484014
1990.7951221
1631.11345509
1901.684087
992.405946522
1903.32554641
523.968387444
480.746782364
865.399076814
521.121499554
527.169345416
484.489230068
458.767729878
441.32207872
1338.2590529
448.447381961
1185.45963586
1270.08969738
8573.09815693
10497.1436164
7290.31635781
6772.1625297
930.573161784
13000.7382517
13198.021314
534.292464154
565.698700906
1385.32562793
452.118725799
576.768311488
905.847020143
1136.342962
2603.23945234
687.346782021
515.46425828
2322.25078435
109117.744465
1054.06802765
2156.41330056
2370.32689214
3326.2808563
3210.027803
2415.3123428
1999.40494295
2412.23154069
2943.37965108
2955.81715006
2009.07250469
986.69492514
744.295004272
2061.62601204
5657.65649082
2510.22125357
478.854581016
4404.3881981
1882.51525166
1631.50302325
2740.27800844
5820.675093
2052.42136177
3380.41786597
4994.95849425
6705.45199659
7761.58465895
6930.15038337
9838.18841053
9888.89302291
6087.35571923
4994.3448637
6317.4739844
6306.74903014
12188.9101025
19967.0193153
718.845829026
12444.6572555
12545.3948314
7171.84620083
2091.55723362
844.610118265
659.41324686
631.123578695
664.660552278
626.860981193
904.799496612
1127.42407224
1273.23313399
1762.95777721
1141.1943732
1244.9974517
1570.53338352
1054.61289327
2504.97674722
2977.34912212
3116.07530409
2851.56186707
2875.37847362
2725.71693663
2639.95532996
1551.37225184
521.181066326
452.936636933
22006.8984316
511.582818203
997.784374338
1087.27706536
16265.3763433
9023.0655935
449.788621822
473.082977915
2474.31683215
429.701993502
4191.8918901
493.24657849
20484.4155787
520.01057196
714.244451765
891.245574188
932.66496975
717.245769902
738.854616603
904.661956498
1175.26753369
1477.81171334
1050.55197918
972.944231971
683.07099098
1053.43905616
1987.22911364
9454.26584275
7456.58497982
4957.43541047
2370.25015337
1039.21875284
518.220770033
7006.02768106
1717.7771883
386.58078177
5525.69423398
6439.02378106
6815.64365947
6636.55267313
6672.65296285
6201.52740058
6015.56092007
5773.90366462
3480.07753628
11533.59181
5783.65191511
8588.19946355
891.461443552
928.448886201
1784.88192093
506.351297046
1006.57635065
1423.21862159
779.631769829
677.876567629
635.77063068
3704.25704968
1692.5893871
472.265149929
556.221556233
536.095770508
523.716042864
507.120075795
494.403740033
490.825576986
514.338013343
544.368804713
561.921344293
549.373888582
539.674890304
539.907106669
550.024345013
563.254434737
578.813143636
597.203163799
1009.75845137
624.202929313
633.714820381
575.17778465
862.271397414
3767.06506236
1863.89700176
478.508448622
403.086894119
424.3895563
445.792854019
5210.45272028
435.049540049
8832.88225482
22185.8555115
863.909232683
8411.68090465
15696.6074247
518.815347846
984.166481708
5144.04145668
3949.37951066
1466.5798669
22371.055101
21085.6978732
10420.5233278
1371.5294108
1723.2463786
1019.57728665
578.052141299
790.87723953
4525.89448009
1203.1581901
1144.87814955
1288.58211811
965.923991374
2136.55222357
1650.44331972
26796.3737918
19514.3648128
12218.169674
1129.38920126
389.897721825
