5612.80289425
21572.5694026
12741.2380282
9805.55423588
13102.3665121
10740.7347613
12180.8628796
12795.275268
9889.53585396
8789.40115094
9381.34854278
6696.82344673
10900.3686902
14323.3224042
14764.8301043
15209.1690523
15462.4178934
15390.5458207
15420.8294541
15658.1676156
15784.4051753
12244.0799993
7392.50961045
7303.31419816
6906.41280151
3456.74152473
3809.98606153
3279.62632215
3331.76720208
8137.87428711
16765.6487372
14868.9134145
18297.8528338
11081.7741781
9626.93430564
3350.06070623
3930.57637606
8068.08393456
8322.66098088
8755.64306545
7592.49225228
3839.98003273
9087.37345902
3776.64381415
8081.31735777
9219.60956017
4442.17248202
5201.42354425
4294.88506228
13190.3490074
13747.5057201
17795.4223802
18680.1541919
13986.8880546
24339.2082841
9682.5125398
25217.9068456
3925.44922512
4255.5529501
12648.9457367
3576.44979611
12933.876057
3967.15326348
3178.57195726
9723.14391403
3393.95479128
8405.69998725
8640.62398014
4561.94682204
3537.87610393
4326.49772956
4805.80337281
4675.45753647
4342.67237385
3914.53809777
3500.60077084
5028.51486872
4755.67178383
4018.55308877
9301.5723011
7488.74417075
12951.979611
3319.78063942
3825.81649785
4441.87400442
4159.84148276
12844.7712401
3377.81665322
3819.15439543
4216.44121384
4416.8188385
4255.72030286
3675.46326544
10986.8291642
10179.7612733
12787.4488232
17478.5566889
21258.5955522
3742.35320897
3832.51041658
4200.63123461
3597.21431015
3949.06912292
3680.29243643
3852.3773778
6498.26778975
3900.22113329
3709.03680906
3483.70913782
4324.31979196
3607.4725086
19430.3366126
18576.5059916
17871.3438975
17400.8114277
17282.8576449
17635.2876158
17581.4801161
16450.7267049
11975.31397
14796.5115069
4077.7484366
7021.31005249
11314.4328654
10917.195494
6731.72358228
7665.9182203
4048.37904233
9834.5669476
16319.5368982
13466.1124907
12430.1331851
11994.5255003
11480.0555914
9824.82652492
4532.78076745
6993.82415636
53484.2961859
3593.34481498
14663.6930987
25466.9267088
3354.93122417
20072.871574
20275.4845222
21679.7880644
22361.1621163
22373.3518855
13141.169469
3806.30746084
20931.5753192
12412.4001785
7682.33933536
7805.3952405
7902.85718604
8028.91898527
8066.4471078
8141.53737299
8066.00615063
7704.21091219
3954.81072461
16698.5883484
3787.86157704
9126.28709733
3404.80359971
3470.26479607
3320.55748706
8246.11138535
4161.66476286
4302.65138273
3931.52376444
4040.51492144
8440.41191365
7848.45194547
59673.3819958
26709.7395587
12725.6248517
3556.79794475
3559.35420319
7894.31009348
17853.7996317
19568.9281881
7810.26640092
10987.2506583
14208.6039322
9913.72375434
7042.76156105
3429.06404608
4531.04251501
10057.2952663
3261.49099046
24360.6344609
26931.9518095
26814.3824752
24347.499071
22073.5936844
20522.7403358
18464.2148381
15937.128986
10689.1756713
6354.15309045
5453.3585094
4902.38028938
18997.0364083
12588.9095279
10828.1988042
10473.8954359
10126.3576227
9332.13479476
6348.13618126
19566.1531916
4637.408603
9240.48430694
10087.3281199
9869.57406901
8889.78790106
5122.18675668
7383.81076988
7476.44137452
7280.99057447
6689.53875572
4498.31864525
19515.5136704
7190.24745935
21402.1623717
21184.5446958
19223.7960335
3322.87930084
12016.5453008
10062.4599611
7982.2291082
3528.2007193
7942.02531443
3568.11067976
10709.1885989
36833.714924
3506.19594075
24566.8017135
14335.9039195
4569.40755074
3795.65286107
3929.39487176
3647.56704203
3533.24624989
4280.63586264
9558.56541954
9317.24203312
6994.78044339
5471.80752308
3431.61719785
3712.57349625
7508.40038079
7609.27361003
7887.88371948
5220.01514978
8403.75465375
4739.35001152
4039.48804265
3625.70254728
3911.30453566
7831.9022276
8816.37851593
9729.80750844
13592.0002305
12366.8030211
5082.60786238
4175.61939052
3653.35812733
3484.33658707
3587.06898695
3789.16482017
3637.14259644
3410.75560995
3317.87125237
20479.4846988
19395.3609913
19545.2707571
19797.1521706
19142.145459
17621.2314501
14241.8801728
4165.83805641
11198.7685393
4360.03950702
11005.6508947
9659.40271087
15421.928098
14865.6992696
15457.8909885
14356.4276818
9365.08778329
8029.86161192
14573.216905
3868.34800652
4556.08965648
4886.20089101
4310.9667572
3962.5779607
3818.0266114
3558.74145978
3243.02075303
10541.4959957
4483.43648701
4880.89505368
8073.45380789
10078.6885553
15542.4502865
12978.5831849
12471.1562349
11511.8646478
14468.4603694
12733.4284764
16626.5940595
11284.7482983
8646.43984848
6453.92340774
4549.03189886
4706.83415787
4373.98212815
3712.45307248
3446.23960168
15565.1606049
15763.6996316
14496.7908306
9499.73465743
7042.49264277
7395.66354831
3545.98547739
12099.8611939
13615.2199425
3707.01823495
4062.06079735
12670.0975228
3231.33401854
8539.87255645
8889.64307357
9471.2025706
9580.59167982
9341.92488219
9164.69532451
8865.84160056
5651.99887196
5426.91145534
8159.18510045
4282.12813359
3251.81641976
32347.3758585
15702.7212742
17734.9580821
3271.465536
13144.6771048
11425.1179327
10346.2817714
9746.97793477
9675.00343271
7925.40102383
3635.80074809
3870.6403084
3557.91211936
3244.53011232
11441.5721442
3166.25416682
3370.85345771
3534.38055549
3604.57299635
3406.55632191
3221.51225927
43753.2191968
29034.2000427
8280.50428802
3431.14593772
7109.49177617
7452.42333426
3704.3118799
3523.60432492
7645.21295058
4555.81656191
12355.3194894
11861.1144188
15962.9285363
16378.2116866
15820.767446
15570.107504
16722.3544068
15901.00815
13746.1194808
3422.33208128
26383.5954912
3499.41348437
13334.9800651
4276.09178368
6897.4198874
7571.26983986
5653.68851553
4643.41687218
11422.7828482
10363.2838756
14243.4938838
3537.17865049
3359.52750845
3574.16562239
3513.47466063
3251.39977867
8701.47153707
4491.89818286
3477.75298942
14438.5269657
14664.9722015
14751.877705
3194.67880936
18762.6558199
12183.5950407
6113.14724142
5444.38805751
5319.18546598
8392.95496014
13633.0028212
7991.6441842
3298.41932331
6402.57359204
3456.01025916
3162.92144487
25993.332842
3172.74298584
3442.01821823
3632.91524524
3637.35938768
3455.14585196
14771.8283928
3389.33755074
3597.03549997
4228.52214138
3997.57904898
3426.33667461
3596.01929505
3781.4951981
3358.65212182
6476.28693928
6504.96784709
9392.86069344
10592.5707083
12547.7849499
7235.0110232
7324.48405948
4226.55354471
3732.13886542
3602.17542742
3426.33112214
3871.5353376
8731.52221303
13456.2732798
13168.3065557
9446.41200218
8049.49247916
3649.28930196
3804.10891802
112822.861833
3748.80700114
7819.84536091
7047.67270185
7234.61128934
4099.78362932
3719.0450385
8159.08491417
7380.79021107
4061.31036333
3879.22756807
3795.42937537
3574.7265512
7088.80227636
6896.80977312
34990.9925146
3801.70058498
8605.92376328
9149.41740104
9170.18185867
8492.73750264
4807.31634282
5271.50374138
18118.7652655
21019.4925725
18724.5093813
14573.9840458
13595.6985956
12849.0897074
12065.8852183
11056.3229877
9408.17268521
5414.60193125
5067.88021503
4756.21768262
4426.41218752
4144.33052866
3584.68727171
6987.77303556
11023.3086463
8589.17812027
5254.93885682
8787.52231366
13140.0346739
3761.32618584
19811.4047234
3745.66576865
3764.89618129
3693.47989243
3849.02296702
3820.10537172
14801.1987578
13453.5736104
6160.80244201
5460.82418019
4902.5073438
4478.54296
4264.03739366
4071.59629531
3735.62617613
27706.0466896
25535.4215237
3759.88969273
3993.86901097
15586.0287705
8381.29431374
3261.09669913
3261.91662149
3231.60668078
24525.2486969
22887.5691791
21505.0272659
20003.7038985
18706.6624787
17802.5661508
16826.814236
12619.0075677
10615.3158038
5314.58311371
4910.79141392
8157.51185335
8182.6246413
4496.83598449
8195.33315016
9943.92235832
6808.43995754
7191.8228585
7534.61664161
3589.43648559
14807.4745971
13436.9930034
9333.07828084
6864.83332398
9344.54591683
8790.84515499
5271.75457018
4869.3864369
4599.06878519
4061.29051563
3743.61542837
3548.08678033
7366.48679014
8548.53368484
7082.65673868
3235.08715936
13990.3769876
24627.5874507
7797.72434302
12933.2135212
14790.981355
22126.4281497
22578.1466449
20626.0923434
19176.1213937
18242.9400439
17335.4576871
13185.2887786
11759.2790053
10977.0888305
10706.2754445
3380.16346882
4353.89543421
8218.08486455
4867.99089102
3687.93005115
3270.40604252
6558.35197153
7954.23998872
10946.1510501
11501.7423571
10440.6567102
8685.07022284
4211.37915044
7110.85565605
7025.74720997
8636.9730651
3187.86594451
54626.3127778
6522.82163007
12224.2082002
3175.49304648
3454.08715969
3532.77410829
3458.28789894
3334.78636626
12138.2687456
11600.4101248
3167.43316161
3523.43563636
3661.81207346
3596.33387754
3471.33171699
16689.9137052
15813.5869268
15052.0169903
14755.3494127
11460.9512722
11155.2783478
10360.9220442
6242.75086406
8940.73072264
8752.77839637
8163.23160394
3705.47855678
4007.95576199
25009.8951226
6570.3656121
27979.0248054
11138.9793838
15507.0591002
16910.8745634
16959.519952
12217.2671741
10360.6398096
6538.28826874
7816.40024671
3510.09374898
4575.84512301
3793.24344461
4016.74476185
11856.7008291
3405.67865447
3932.93612869
4196.70886063
3610.52924943
8254.99094507
5176.09274494
3658.66414798
4131.9658365
3444.05470398
7013.75691642
3888.28917501
3373.80964262
3409.51984999
3478.3154983
3384.79565071
3592.10286276
8038.75690229
10020.1985489
14767.4785282
17650.2820567
21976.1573228
21467.426008
12640.6272328
11604.5309881
13567.5345938
11473.4687956
3646.21071705
3735.56855532
7050.58285747
7073.14962197
7459.31294659
7251.40389878
6675.71932455
6531.45368071
6683.98159673
6741.37147398
3604.77276356
7424.88767145
9072.56395256
9548.73851135
8721.08682529
4755.41205326
6578.24978324
3771.52694387
4511.79155415
4477.49523218
4506.4868964
4366.33130066
3932.33053786
17222.4230277
7620.96400234
3432.70034462
20770.2690411
20120.3734458
8063.92298847
7608.84052874
8602.66923067
11233.3248769
19426.5698713
25407.3448328
23387.9187493
15704.5783274
12476.0493636
7340.55372429
3973.13708677
11388.4842203
43055.9436399
59771.2045636
54682.1450334
74667.5586799
46242.7672336
38994.8993769
32194.3564522
43080.2053001
39010.4229494
31879.7204647
25257.5873532
27004.7511726
28922.2993525
22855.8814775
3549.08518217
3723.10392564
17322.7928439
12150.5173652
6586.77173713
3480.19133817
3635.34066245
3502.80474295
3505.26248043
19994.3756963
16627.6317943
30021.7317461
42277.7151311
36789.2623394
29322.0728076
35288.8944129
10951.0359549
12450.8812351
5099.63097429
5020.67971469
7701.93153462
3568.20564174
21877.1477652
30435.1111462
3156.90464522
11057.5311037
4331.57221442
4965.64987856
7978.81362206
3682.18929195
6206.60755149
34735.6685989
43723.9119731
4010.11467837
13584.8805145
14672.8617875
8268.49571355
9613.6912081
14222.6902381
32357.1084442
4873.74717185
15429.041003
3954.16735499
9434.16796525
17940.1238889
14160.4162833
3314.89684119
3653.94704911
20072.7563946
4325.95917681
16879.966783
11183.9635334
38263.0981254
3436.50910915
3460.35376335
9149.05833654
9211.07317801
10686.3532757
13654.6567302
9854.7249476
9386.63812844
10957.4091942
14361.5940418
22674.7235352
28313.5978275
16282.2367302
10710.8386229
10672.1024858
11061.2434722
7586.85032606
3412.96307023
95545.6803655
4025.70393453
13383.3357619
4224.70772259
37695.3286015
39918.2471801
17029.1362026
3368.22460621
21642.9061615
8568.42457929
14229.7391853
12404.805081
7434.48215061
3643.95424487
10606.5760869
29636.5876033
3520.82520042
3697.06978318
4037.18283495
18279.6041051
37100.7380058
57108.4149831
10616.8250372
29044.0222914
35166.5218173
33572.2988922
25424.8716854
21473.4807775
16710.9562803
8494.36526118
4674.2865643
12240.3977861
17136.1721732
26019.3211723
25505.8910719
14787.1338177
6980.01966259
6329.28223674
21514.6418435
20385.908325
26402.3886508
56258.6118445
3866.44352398
19246.6674976
22880.4065906
12745.9794451
7376.41974649
4248.29442124
6126.15135341
7024.25456014
7981.33670517
7982.97490919
6430.92655986
5868.20873595
5651.61573994
4961.74978862
4207.4949282
4752.47373739
4568.61246676
47340.3650334
43500.4472314
55781.4770474
9680.95299193
27680.7694497
26402.4897947
32717.3451158
39940.0398379
14084.7765788
4964.06405179
8017.63704267
8524.23410174
9261.76547524
8940.36069408
7517.82453803
3985.11826187
3563.98696607
6875.10624899
6300.07165681
5242.30819439
4941.75194799
4437.19777756
3607.54560713
3760.04258079
4556.32014577
7308.04231918
9048.75187501
9014.6329706
4498.88820181
3758.33732646
3693.81626062
4329.50688805
4664.8633294
4837.76558832
5167.06192338
4263.46886096
4065.14560076
7354.97436726
7887.6146517
9295.02149254
9518.50095805
9056.06795863
8203.84986242
6918.32975967
5359.34687243
5447.4128115
10130.7864798
11879.9971725
12372.2641909
7758.77988168
5852.01738643
4671.86158817
5335.84739946
4558.31498766
4196.04049327
10935.2024594
9369.38251597
9224.80466304
7858.65936798
3866.86228553
7672.7631101
4169.44836722
3306.87457349
4108.09027618
8530.74527973
10347.242809
8423.9513897
13868.9546046
3733.95451233
4059.28914475
3208.40032755
3319.64044303
3412.25834484
3797.49088394
3669.66042155
12715.4386168
4816.23445736
3950.67409088
3310.80499238
4027.99394768
4111.71300529
4092.38470996
4006.21054503
3963.23477003
3861.37685076
3677.48841463
28266.1229038
67017.8811949
12913.2974933
6959.72967338
15127.7671847
11771.4344434
3600.59503302
8977.26955743
3666.09248217
7874.57143054
3890.12009692
7488.21475099
31747.6461926
42658.3559237
4890.20786108
5275.58872261
6500.23522976
9317.63124783
4026.90637952
32368.0647086
4008.9628663
15987.4061293
4459.19237129
5317.89809014
7523.67221943
6704.13954956
6791.31789609
13089.9364785
12784.3755933
11540.5204424
10412.2205166
9336.42665781
8405.33052722
5378.6034152
6055.97278089
6973.90222237
8409.93557006
8673.48010716
8941.67197224
9217.96744917
49882.6189369
51082.7764953
46244.0332898
6472.8647713
13292.134796
12639.3987431
14755.2771143
6214.70236383
8620.25447987
3949.34697725
5765.32095117
14539.9074523
15497.6311208
14383.9099906
10251.5776511
9968.17886663
9719.62793555
8953.19088963
5581.97504564
5079.00886198
7184.39503779
6614.94199002
8502.0249316
30839.3344062
9200.21458287
4261.21286241
19056.0286694
10957.5060853
19202.934443
16832.0480305
12111.6892263
6064.06862665
4384.72469076
5463.11573327
3208.9647103
3715.01407457
56366.8716008
58204.4382406
52943.4433708
51603.6289288
46967.3722617
40734.4012594
3680.04034363
3468.78529219
15142.5989225
17427.8348648
24807.0593159
7089.93624419
8893.66529528
6778.36501545
5508.95755155
7990.30810704
10043.6050779
8166.19065312
10383.551976
5005.66682869
4379.1516543
7555.7579973
4721.49485443
3713.71422925
3505.80230462
7363.82389893
35852.7667153
8198.05953047
19896.8170788
13299.4173839
20211.871167
24705.5770743
25790.9105607
24097.7962703
22952.5551485
26281.0511898
24101.4318698
21581.2269488
25261.3130587
25347.5317645
18223.2946289
10127.2705334
12112.8227442
18971.5163527
18980.5435488
4003.27177379
10580.8791801
4108.70608078
15096.434199
12665.3736713
4177.6671724
3737.72823162
31933.910515
20523.247932
5213.70676696
3795.33317919
6324.80779492
23852.4868053
23110.7723755
6935.75461248
10858.8001664
15434.7022136
4315.22759714
14711.3382406
23448.6859138
21881.8700069
25166.4512552
24376.5531045
23693.2257119
28720.3876788
35845.6788269
3944.46676759
3277.88338412
3342.91226212
3301.53386903
25133.0683074
25972.3346561
24412.055732
22920.5387907
17887.6516615
4326.48844258
5132.09978673
8701.57604618
8084.89677079
4894.52933101
8268.95764583
3928.63686772
21771.2022536
22623.4859833
20909.7230755
14305.6878917
3670.64050518
9549.51530571
15685.4589182
16157.1758867
19151.6286289
3917.82483308
26049.7341454
24336.7191763
21507.9440046
3496.59828461
26570.5185814
26269.260919
21372.0446756
22128.7115084
16295.0453717
4319.31963324
12106.4881446
5088.08653016
4352.00946647
4263.55642485
17639.570514
26909.3640631
27844.5460917
23015.5264854
18643.0098537
11436.5335
5422.36206771
4277.39437574
3775.01887203
3678.13414724
4052.35042364
3903.44410114
3559.82415485
15101.4749303
5248.93097656
4627.62219997
4365.64754957
3735.08708035
4206.44409452
4367.05104773
4157.29725199
3757.43673058
3337.77023523
13500.2754919
17482.8282921
18893.8815252
3699.79958533
18152.4049069
16309.8295083
14913.8460715
10896.7919829
10529.3147348
10099.8812215
8962.95458163
4936.19640018
3890.28876608
18254.7850825
19499.9654207
20395.33262
20156.7271896
15169.3630602
18387.8023821
32120.6619735
26956.9887724
19435.562662
21680.2530201
25910.3895365
25215.0794362
20959.2032714
23108.9967274
27461.0647223
29488.8110959
25406.4431229
15373.5883444
18162.5062241
19280.8735168
12659.6070592
9084.54431714
5308.09126396
4212.95635239
3684.91314845
9490.84910486
19945.7893905
25094.3716114
3341.1749264
11733.3643957
15332.737188
16322.8932234
16903.2707897
17414.446765
17514.7928908
17394.9024361
12418.2194722
3956.55501398
3957.26195381
13123.0159885
13831.2531491
3792.46639166
3883.99305775
4015.72317684
3671.179199
9956.17759739
3685.45638645
16158.6863107
32400.7325026
35976.1706789
25894.1865051
23381.4744584
21752.811687
21692.8217115
22497.6202763
25349.130278
24762.8929411
8247.02619465
3628.83897088
7423.13436151
18055.1620046
20281.7900805
4981.40219382
16795.3224856
11954.4858325
13235.6417856
116998.024624
8159.47835456
13457.9456503
10584.1024847
4235.58859984
8899.95403844
10204.2597683
9047.67495323
5491.19203267
5254.8456458
4180.45698036
3997.91224292
7799.96475825
3932.91166867
4538.77032376
23344.5871749
26425.8479908
29239.3692599
24250.9208662
3554.22058886
3438.55353681
3466.9911915
3619.10231334
3973.77026349
3902.79129242
4231.20723954
8992.27299728
10323.2876331
3205.36512049
9579.36590997
3718.18472549
4963.27912512
5790.37267362
14022.0691473
4664.63950931
7278.29240368
3681.04473212
3670.00482807
3591.38232769
3598.07489103
3538.00657942
3448.19416115
3437.9611343
3388.28554791
9884.04751175
3340.08202015
17362.5785888
3376.26862414
5068.18224665
11297.2469512
12412.7851235
13532.1473163
9809.24562676
3857.68744001
15160.9576804
6445.27819701
9397.692494
14699.5212583
16751.8474071
19249.9416234
18669.4836209
3758.92769636
6848.31985771
8298.90533095
13596.3482846
4724.35774501
9230.39782871
9533.57721467
9830.38630068
8157.74784236
