66.9495978915
48.0436408681
78.0257769767
47.1836241268
152.183769577
195.761339234
183.51445532
161.173879167
155.03529563
5327.28492018
1222.98444992
1098.28609293
965.353528677
159.398306004
238.870765828
95.122302665
791.261503116
96.6222030822
305.838901143
1189.42667909
861.668268938
1040.62915049
125.56094981
1043.63890236
941.050628053
741.08498905
115.27519136
1270.28089963
862.029313883
787.134546453
90.1074183107
1436.94636983
1051.30699857
810.805062709
732.090481363
62.7035729606
62.6521032899
52.1745535811
85.2743331127
1650.27197514
1014.87116527
937.139022426
747.600208565
917.548961633
3295.76516201
2803.66999687
998.103815747
894.282674085
758.330763896
938.019417341
774.615819199
25.5741520227
33.1692086352
982.906581972
823.119123818
719.871162004
70.6416862736
1154.84070868
854.1747655
738.728694845
2673.49956379
108.718232219
29.4685231606
756.719565586
53.2583554849
1450.94106886
176.102161587
189.9686376
234.111837238
4389.0525562
269.816878145
1395.13427333
1404.85893021
317.208252965
3706.15125645
2754.57256052
2922.71536882
2853.2668419
214.018985888
194.125903863
1136.21126636
1258.02385662
1154.40725682
241.225851184
196.365138288
1205.81824158
1408.15995298
224.004308202
155.794117685
1173.64149744
1338.93518296
1162.80362949
302.178329308
339.954922535
1522.02586338
3239.5722319
2552.44150269
2711.72112425
2585.17115726
2429.31372649
277.143439809
259.693231716
1198.23843954
1428.84811172
591.223226373
421.87253141
672.106853479
455.931435328
686.187583039
582.426409981
215.763427206
245.486346412
3966.60669814
4276.87345436
3176.05268056
1250.42752678
231.672417779
5023.83405887
3450.90836251
1276.42998343
1150.02303969
262.453594949
226.208227776
207.826232712
188.876364871
174.574958395
3964.26226717
1408.84302963
1231.06912645
246.511920234
4561.07192513
3792.02868301
2978.3607075
1088.45928727
6206.92159195
1708.69790979
3087.64591802
1098.75435361
297.638088149
1133.31087881
864.290783636
155.562710492
1238.93551502
1486.17777541
1143.60556645
769.219466624
1284.03053289
1408.17075127
1269.35573951
899.49485949
810.571672033
201.52494192
1357.92277059
1108.63417071
993.928781201
288.327799513
287.197556858
214.919980342
213.525453725
182.296668472
292.336514407
181.375949905
173.265098095
162.912439639
3475.43683983
193.426877029
207.381149932
286.423166308
352.950946384
366.520070046
355.521504236
320.220794311
279.193633144
3388.08229982
96.2376753026
78.5869972923
153.097668553
3886.98578366
970.927699315
918.123145276
825.782326224
261.14929477
1132.1700254
940.872130916
853.094915241
236.954281532
279.997900014
885.074453584
880.365974261
180.099041962
315.747454924
1039.67661629
779.80717532
677.076790469
243.087306283
1049.39108179
736.663230617
643.580328283
178.660918479
188.494836702
760.808500746
658.828449641
211.87635111
262.29909226
869.948519633
762.877033556
1137.79469946
706.530840545
1805.06943255
2151.407934
2302.666713
1679.88662012
2212.96413411
1562.48105243
2160.80990245
2628.60359534
1851.0909935
819.970685689
676.56161769
1691.16811164
1663.77285257
824.477292285
571.21236378
1919.88750087
2284.08438976
2487.78063018
2203.2750152
2166.12095341
3234.76609625
3329.56277776
2332.42124918
2087.75864803
2144.95842582
1746.05998968
1525.66136417
1573.87690254
2324.95279862
1701.92847107
1510.92775983
1423.64053796
2187.37507049
2393.59997437
2136.26437607
303.909617199
1192.58010222
1176.2763229
5211.52195986
3347.22908947
1297.30371339
1192.32167176
4295.9015246
3777.47732174
1439.11394988
1244.60534905
1374.27119426
4269.17937484
3107.3468212
1203.11970548
1146.63527172
4625.30174449
3299.90315113
1227.59675056
1193.64019197
552.587643388
3914.63925664
1369.99203367
1154.22470455
489.170751696
4507.12308413
3433.71733225
1247.95202852
1128.31967605
5585.93452968
3447.48380888
1327.08195581
1373.20664027
316.021275498
296.86286762
827.426879433
1059.22949675
836.077484621
1161.41123594
860.175706022
761.512369003
73.4476852061
63.3110691852
923.02803192
779.29220838
727.929883401
140.261311107
1059.58402271
812.497986556
670.241436721
145.606579572
1097.90535656
923.499156285
722.481120082
236.506945725
2912.48979781
1739.44764331
1345.25650781
1258.11516249
199.784292203
1388.59709433
1205.67201901
993.747045133
396.083527807
1394.36633998
1014.90138461
824.782701174
203.62816806
