812.700245073
4890.44014785
4967.63992328
4826.93786119
4851.42987075
4717.23086856
4910.63675012
4885.25665501
4562.34033251
3632.14867208
3545.02153519
3212.35458633
3000.39204439
3179.51192383
3055.73410873
3395.33171833
3113.60809836
2569.63525285
2041.65877458
1899.35115981
1826.20921315
2401.73937122
2519.90535668
2707.80549351
3079.49700951
3837.19271482
4280.32722106
3988.77543814
3957.03740093
3675.76608372
3817.28223843
4218.01153315
4106.98022607
4167.1514377
4094.83136438
3776.36913529
3442.00056175
3629.16369957
3863.97006141
3766.62270358
3604.94409125
2934.05865534
2908.53772938
2555.46296647
2301.08744063
2377.22641681
2589.10262137
2795.14444649
3159.69871019
3421.96583488
4618.83101215
4410.3850451
4130.84160406
3680.25829466
3739.38403026
4310.10567268
4293.00539648
4292.48152538
4153.13873672
4011.94718289
3472.38734105
3658.35248744
3477.09584969
3834.54669075
3875.77759736
1198.55583285
1455.29031164
824.916946755
1004.38676646
910.440970056
1128.67584402
1077.28564367
1144.88036478
1295.41784153
1068.24984166
907.470185578
924.075354533
937.178991988
1058.70576606
1094.78347112
1148.67917487
1453.7033657
1065.92073165
911.513554356
791.824056393
697.076395358
1034.1124318
2929.15651103
1304.93710223
1550.06044792
1623.52759577
1360.11991792
1348.83889459
1202.13901209
977.188325484
1485.61070543
1629.70963036
1417.72603179
1366.546464
1212.8665741
1016.79633702
1102.37889138
1040.10522832
1278.51949678
1057.6388687
1340.08475407
1045.45649684
764.783878053
684.197817702
733.688153407
803.462108251
918.729699006
797.13623451
981.796374418
1192.65166428
925.670149426
862.992616044
957.948884722
968.982300664
1092.97107216
1096.96428466
1418.41237767
1374.28747801
1185.83330165
1019.57664054
1165.54542353
1040.15173123
1220.33378432
1202.344158
1376.95688164
1405.44776509
1043.65664366
943.30280708
2754.36192711
4278.69915021
4130.75462587
4009.69000158
4567.83001944
3988.28852941
3984.94097609
3581.87558102
3446.82944183
4128.35824693
3853.58356041
4239.62328064
4101.75925371
3329.98399829
3293.63892806
2891.07755869
2753.10947521
2775.57004014
2798.10036557
3015.54860298
3455.74994212
3547.96728219
4632.30020322
4434.69433134
4175.90605881
3640.45370059
3672.37821541
4179.52816325
4131.32082655
4183.92680604
4144.22887686
3819.86175948
3418.0177794
3578.6638075
3418.53236925
3689.61666518
3599.45875661
2945.34837883
3039.97852981
2610.54380912
1847.5290968
2353.90994718
2515.37827535
2743.92474878
3321.52207252
3413.54303058
4736.4354137
4653.80770627
4296.25581402
3666.63987143
3691.4036597
4223.95576717
4273.72934024
4341.52328071
4186.86141571
4091.87881294
3608.40851046
3682.78755081
3671.35369253
3903.86298001
3999.36933818
4896.78492805
1376.9758255
1154.23837947
1191.88718744
1056.01573617
1219.92856878
1296.68004971
1480.91848643
1500.40668057
1361.36229994
1116.88006822
953.543427844
1013.71146271
1021.16020679
1295.52730852
1288.66403181
1606.30182961
1321.00308076
1105.12633267
1035.555674
1035.03229503
1011.54692315
803.956750097
1139.74099367
1047.84786614
1260.20969205
1000.79685634
948.528830183
1048.77364749
1212.37185726
1194.0618891
1557.47232662
1793.15838225
1701.31422451
1573.65335047
1231.23455915
1325.53236969
1318.70581196
1466.79196339
1316.48248296
1627.56207411
1527.32945814
1143.82736412
718.452576343
977.45817571
956.373111216
1101.3558576
1111.21498604
1265.06477026
1620.28760331
1353.09349945
1231.81364693
1354.12460056
956.028317056
1188.44942648
1462.73893145
1787.45592342
1806.65902911
1105.49670037
976.787706975
1161.6712907
1059.86099092
1144.08123509
1159.06230513
1336.8571892
1195.14087641
912.498380646
728.397166393
1036.42627871
2266.55562004
1549.02011961
969.7812852
3430.32882418
2949.51102232
3776.58439953
3290.9153187
2884.00272079
3062.76843551
3129.79008353
3514.17209697
3448.9690477
3124.61409889
2147.01213896
1332.70599243
1352.68294199
1843.27647408
1518.77376571
1451.27100679
1616.139953
4085.69026187
3528.19551876
3866.86109078
3628.55795272
2909.80670129
3470.64868482
4116.68686246
4223.00179824
14975.011062
3959.58465659
3891.48828684
3241.76937714
2863.69329808
3042.85598801
3669.76524142
3726.43774923
3765.22841725
3511.89130995
3521.51316184
2640.32841175
2695.47875962
2749.15002391
3797.00079238
3915.31989017
4227.2383338
4918.55715175
4753.92145263
4216.75544021
4118.29074077
2984.02111487
3114.51165263
3145.75958088
3280.57919619
3457.94500773
3330.77139048
3069.41371371
3885.39744667
3934.17900492
4018.03546076
4005.62168829
4567.43665644
4350.25892038
2514.02023765
1528.32993208
1521.23166451
1401.20857124
945.206454245
975.259063169
1178.78817087
1280.67050459
1002.82163009
810.522254195
980.387949583
826.536568879
925.805901982
1022.68739825
1224.97179369
1083.04758286
1149.34053684
1124.94030965
1240.40685443
959.068317807
1227.89688257
1116.04203294
1334.1059241
1567.10972017
1286.39829843
1147.33557242
1004.27953738
1013.86588259
1391.45610201
1381.43427864
1208.99497241
1422.4196299
1188.90125
1048.34587641
1208.13607757
1180.3421239
1338.58712703
1050.60090493
1241.72065325
2039.20915078
1743.09564439
1059.48874124
969.005337464
944.310968704
1300.56831436
1238.17716507
1221.59697435
1514.58452723
1206.14201812
1116.63500797
1246.04556092
1202.8714158
1342.49514017
1361.59265448
1678.44862835
1733.05286973
991.493903238
962.123233401
1467.02347987
1438.63262213
1183.09360908
1090.46583141
1207.78621743
1680.09783529
1727.76431195
1464.10200081
1094.02714156
1231.89088406
1181.31226644
1244.36857342
922.54284118
936.14844066
1769.69816657
1329.05875091
2485.76230971
1297.73164769
1758.84413014
1893.95736463
1960.35048678
1269.77933568
1047.00930003
1260.80566174
1024.70137834
3091.10596651
1028.67710966
1153.13203011
1216.01977634
1457.87365285
3331.57207728
3638.60966162
3074.40331814
3057.63396827
2999.2301371
3266.78583291
3699.31348325
3237.65436258
3988.79224466
3968.32707869
3844.91762884
3661.16891493
3942.48331873
4437.19545887
4682.47902584
4733.94590577
4353.30822643
4685.68937233
3729.04675333
853.82943082
909.773115361
766.471939145
1440.36987817
1425.17537426
1407.54884855
3396.54302296
3629.40677302
3500.74662105
3390.33177325
4129.31854671
4249.0382466
4131.35527
4388.82976845
4029.02167206
3939.16052252
3884.322409
3847.7894756
3922.5898349
4628.82298901
5594.96569063
3685.49652573
3739.78636263
1949.14750103
1050.3064567
1001.84067595
1039.88372139
1002.30648789
1075.02741183
2420.78238833
2123.10240133
936.408162716
927.071474263
821.532426764
1004.84557672
944.149999756
1033.48832896
1371.01138501
1089.36853594
1025.7603525
1031.39340298
822.460771775
977.136685119
882.734596786
1059.86102341
1363.77619777
1016.42454434
897.630508859
1065.99708055
1273.37793283
1217.54510308
1180.34980023
1349.64061965
1732.13720877
1434.92387285
1173.52029085
1137.32002561
1372.24048084
1121.64776819
1497.75264247
1600.512182
1957.59650128
1590.31034105
1672.41355918
1289.75552796
1156.37143413
1385.30519377
1412.92825155
1539.79950188
1568.67241482
1353.83914619
1233.02833952
1249.35294468
1125.83699153
1329.28467062
1758.45353812
2131.06986298
2254.35966916
1997.21520233
1834.71365952
1028.41548219
1078.32479698
1152.14942702
1380.1636568
