11.340726186
5.02712863419
5.83495303612
7.3407313968
10.2016742582
11.5001242549
10.7046459528
25.7902968492
23.383477959
5253.31519618
1165.184561
1048.21342256
922.488318832
26.7495162127
45.0385988789
26.1940899629
758.646936686
18.5910348622
38.7408600197
1089.47902629
820.386756445
1010.89532006
28.9027280066
967.166592173
906.964145891
712.241069961
23.3612684763
1186.96513344
837.441336609
754.987765583
24.5347218205
1297.51782424
993.497317736
764.254043357
676.275101507
13.5905948751
14.9716313575
17.8738359899
13.8805514375
1609.27831165
973.810456871
920.988180497
704.481830155
788.216610556
3070.45623026
2770.1036504
965.652338996
866.904161715
724.183106709
909.214511694
731.532660892
6.02807060335
6.48800747201
934.269406341
787.412465356
696.55060669
12.2756056018
1100.42850467
830.550607262
721.635512138
2625.96913099
11.5595584302
6.69026604491
735.240055811
15.991533303
1399.50913211
41.9371373031
41.4868840522
48.8195462666
4170.84415052
58.1747782958
1178.60607477
1240.10331241
61.0264379242
3438.21271068
2521.15054775
2756.21428012
2647.76458111
47.4287603669
45.2703904093
1023.03229177
1139.1836576
996.438233958
71.5643886411
71.1546047991
1112.38542004
1147.08974893
66.6687077003
47.8203008848
1055.33145268
1146.59460631
891.260404798
69.700948302
87.5677810403
1178.43728787
2658.85786198
2211.90303978
2322.4004464
2406.52235022
2243.51802853
60.3346255697
62.4604435122
1038.71354099
1123.6679483
79.9896973576
89.310248803
75.295285774
80.8097814751
100.453029244
77.9050318494
73.3004407554
68.9542757454
3756.56927452
4052.41610897
3080.33074323
1139.91677642
61.7258082034
4816.0669693
3302.92973949
1191.48637089
1014.80394846
81.8446482731
67.8142630377
85.0942043939
65.6646645247
56.1735945972
3872.05621968
1331.87250039
1112.90394653
64.5983645332
4326.94074045
3578.15785893
2887.25874278
952.709141986
5772.26208093
1520.13643295
3020.40190146
1025.27926943
77.9015796007
908.79231939
769.420777407
62.7299026047
1018.25622444
1190.50268765
877.844097683
685.858865183
1023.69907172
1083.67482725
975.007202703
819.766117038
721.548502307
62.7182007895
1201.80797044
978.059958927
809.742877493
83.4652382419
88.9378974513
75.242724696
74.4520921411
68.6477899113
85.2744270829
65.5474627904
67.5798022281
61.1831816978
3333.59100599
68.4280501953
68.968245065
85.0038874796
75.6619816254
88.1813195784
83.5215886697
78.0016860542
68.0375081692
3304.31557762
39.0647191656
32.2477135735
53.0890255953
3752.17817363
877.023552422
769.422836249
671.888391583
86.4208298342
956.814051318
802.842151221
695.789703755
73.0459963381
84.1599135974
806.895260492
724.693059445
62.8901006855
69.0545767635
859.876214893
723.643026135
633.371682714
65.3230979008
911.314180358
728.164225872
635.588958638
39.1049897836
41.6026999816
749.901532822
650.352288714
44.5780436684
72.3840553373
815.936344396
706.928862922
650.781140974
69.0350564729
1146.73699966
1876.69565796
2022.18729932
1397.10925657
1931.1944804
1279.16920721
1919.35626581
2008.19616017
1078.93584284
131.086789026
200.141173965
1139.02593812
942.312698637
139.015360402
181.699141612
1099.41953457
1113.84618894
1322.72005207
1291.79793119
1902.01254592
1987.54760233
2012.1028327
1204.4777916
1325.7580068
1959.36398138
1346.8648327
1164.61192818
1283.37259373
1937.4138171
1266.27591401
1200.04140624
1187.75127373
1864.58864666
1984.28727141
1782.01636131
65.9551773395
977.779660882
898.30979817
4859.04070034
3210.07159867
1173.06196636
1003.74925085
4060.0007815
3553.18507258
1274.12357397
1060.79393706
1113.06943032
3997.50374997
2926.85042504
1064.53248004
898.927563258
4338.00388789
3173.11212071
1149.78685363
957.982816742
74.7211641299
3499.14609525
1221.39471637
1004.36581818
92.8029477048
4072.35051469
3050.88059347
1101.65108783
914.289505785
5278.31287028
3223.33967923
1151.59441702
1007.7957466
57.147545255
52.835184121
774.423357136
996.930028837
743.701545914
1090.89728369
809.467825542
714.079667596
21.2767260327
17.5794095919
893.882475721
735.13706004
622.910515593
38.0624067934
975.854963619
771.689117589
638.192692379
24.5815836766
984.418971915
887.726226523
684.015900273
27.5444450996
2670.99991918
1527.48539439
1284.45671293
1138.85194461
59.9920570507
1249.97364152
990.952162392
808.505439892
83.1450791511
1096.18345605
882.556019281
694.993647727
76.6399365358
